37415
42256
36718
32493
55137
32828
45256
28127
26900
47902
38062
34451
58970
60270
60310
45923
23966
74587
39950
36573
53385
27744
48558
56949
52252
53843
55503
30147
33848
27158
43715
55273
47510
34218
39497
39862
47620
56626
39543
46115
38676
25621
43851
53280
55316
44620
29890
23002
69609
52137
23017
50840
57411
44680
48737
55546
26969
55779
58776
45769
53343
24007
54134
48821
37613
62350
37469
45475
36331
57747
65804
60673
46570
55892
64738
48128
42980
54450
23873
58677
24107
48879
57271
45709
64762
40744
62050
44010
58007
52766
74646
60171
45798
71498
60171
33272
45369
39571
30952
52263
49864
29783
47491
50265
68746
25453
68918
61779
21654
58170
43821
54064
31192
23241
44208
39762
65432
45725
60870
46107
64528
32140
31900
39925
55791
36250
56023
46545
22119
35937
39257
53659
71332
40516
40006
54492
48561
35685
50616
50098
48652
52340
18558
45010
71081
55401
38185
46944
32676
30648
50390
32589
18150
59161
62589
43666
59951
64938
70869
42113
27595
44203
57782
30995
39263
15949
29903
49390
54368
36288
40636
49561
24255
50430
24488
48863
46102
20420
20926
62286
58054
38614
32708
34062
54488
50594
26110
30420
26594
45286
41763
26247
45506
29091
60170
61416
44837
39526
28503
25809
71866
35265
31950
54172
22853
62438
62960
75647
55712
39607
54012
40624
32045
50006
38333
45838
42395
36945
45096
18573
71466
63954
52785
55609
16023
25542
49984
24914
28532
48093
37164
45967
59301
16244
61375
51410
55249
26860
42380
25396
26466
52772
40004
37706
59472
41897
29993
49005
62931
44150
38820
65647
73914
40592
46827
49427
26610
35818
75822
51110
60691
41272
31642
43583
46646
49251
46291
28067
46686
42840
33636
69539
40593
29329
15004
44938
24809
46266
35344
40366
39560
41574
62479
32404
62958
44805
45620
36314
39495
56116
34684
52982
40652
57431
50186
69037
47651
37721
50040
49043
33771
50396
42065
52530
26931
65901
64925
43731
20812
67986
55300
37950
34605
49502
33889
47882
33022
50603
55484
71784
27915
56084
31169
49238
59979
63318
42125
47507
29323
48543
58657
36045
29860
15225
41594
21191
51093
45805
40496
41855
32795
40899
17259
48715
47266
31613
44699
57509
33660
36572
26864
70801
30733
37341
60517
62118
20382
37801
50760
33430
69849
35580
21257
42374
57014
51129
44319
32309
69913
51087
48691
62718
46120
45504
54067
29091
53638
44290
55990
57454
43283
44809
22178
29338
42757
40357
28323
60333
50338
38073
25137
26564
48382
61512
55392
33688
44676
33480
47398
35611
32094
33070
39896
23935
46738
46157
13982
68198
65769
29181
38199
40968
34293
18940
27718
32608
63945
49289
51092
36647
24941
35909
44539
36617
31234
38685
51299
56826
24852
60975
43626
54042
49288
33782
40019
40785
36968
11154
31850
45681
42996
10858
50407
39811
51033
48003
55183
58740
48382
40042
34442
44664
38163
48832
46893
36298
32521
56673
31848
61294
27960
63073
63503
29660
54119
26683
42222
50505
42789
39448
42885
42820
63235
46655
29230
21827
34367
53771
41801
31326
42800
27559
14295
16031
45446
36354
54404
16728
42491
50495
35752
45232
54052
66563
19268
43301
56623
44305
60261
38316
43187
49393
52955
57486
53452
25476
44015
31989
9477
26736
20538
53810
55030
45392
37597
38045
49026
14955
25847
52945
60833
56986
27238
45158
57883
66678
39442
25105
46536
60676
40221
36007
45865
49860
31061
5208
50263
62735
52766
66152
21185
32685
53175
51405
55896
29180
23607
45403
40853
52422
31750
43990
48595
58211
40906
39056
10866
61482
56136
50592
53307
34239
58216
48308
30625
46452
53659
15160
53496
56032
9825
54814
41863
31320
47088
33967
35894
35231
56376
60109
60929
62846
62173
20882
45565
63001
37735
53973
39797
12409
69608
19002
24008
57448
17981
23295
60324
27511
51250
34715
54516
42392
41215
63645
37585
36230
44627
41977
55434
52504
43934
70975
38232
53690
53196
16494
39881
19980
74337
26319
31726
59440
20060
35585
41338
51544
58161
31916
29035
61216
45411
39294
43787
41387
52675
57485
35746
24670
55896
46292
12030
51808
52309
39421
42408
61128
52790
35661
37840
20588
31302
46672
41336
41035
52796
72939
44423
69599
47690
47185
60760
30571
31359
31489
55362
53750
39559
24980
33507
30969
54429
22490
54354
60686
36819
63758
34296
73770
50449
49738
53647
25090
39760
24489
54490
39409
57353
26879
37677
6577
41224
33818
36181
65016
69936
73838
25984
44156
31428
36604
36753
58171
29604
71445
74400
35075
32907
30102
44086
16965
64847
42828
49223
59469
66470
48828
67559
31065
42029
43135
63763
52334
40024
56278
44108
29531
15305
61695
38427
32191
34195
34552
25886
44998
24131
51825
36449
29957
39323
53405
33115
57692
56768
48963
32901
52339
31958
25193
27195
58868
50315
35261
35592
28587
48315
43038
60364
60877
47419
35891
41087
50099
43986
46443
63452
51963
62986
45389
33294
33397
42201
62106
56463
30053
38749
26530
59403
35700
48421
47121
24241
65182
56205
34633
71178
37360
61311
33107
75055
32597
59058
36328
18860
61571
24760
57308
40243
57105
54543
40863
44607
37529
53523
47353
25629
55844
29951
49109
69386
64517
62156
54943
43033
37438
47729
42461
66699
41528
40072
45773
29216
35181
31356
41590
27668
59745
11261
30344
56788
70729
19477
43235
36746
33921
68657
62207
30161
57058
53914
47651
35357
44173
38144
34549
73601
47528
60003
28527
62443
57420
33212
43677
46281
45426
42113
24215
54920
62738
57194
27658
29029
46194
62019
73764
62249
57471
45764
42351
58926
40042
67090
67073
54158
60826
32861
49492
25374
38293
15527
49349
51457
68177
42152
41289
35786
36864
32195
43328
42475
40376
48554
76433
52333
32182
60171
45053
62424
30169
45875
52780
43591
38399
14007
28508
35798
41868
45015
29234
64628
58965
24974
59436
44299
62055
21628
58360
62175
37864
36554
51118
42755
33542
27090
66162
27260
34136
55208
55717
42618
56213
40717
56950
47310
55567
35890
33774
29329
54399
47932
48227
53414
25769
60773
37229
51943
63804
39508
41438
55690
40619
65912
37000
25873
63933
27912
29755
42571
43715
32269
60269
47495
64674
28085
53440
43279
32975
49747
49326
63412
58090
50067
51538
70419
78217
53838
18251
29702
45086
27769
30469
47881
43629
36670
55713
32115
68624
29260
66276
63641
33806
46518
50529
30060
42820
46862
64443
29258
76580
33870
21731