61145
57498
23906
73317
26799
62341
20464
43911
64306
27167
49542
32506
37982
51813
55592
53121
49378
26571
51380
42860
33013
28114
50668
36384
38321
27051
36299
63968
59851
33770
43925
14692
32156
15905
32719
33044
50677
51640
41669
41181
42286
57077
59905
36217
27950
35731
36665
52586
66313
29492
39908
42212
40092
55668
18931
27730
56881
52835
35953
36587
40795
20585
62979
42587
28813
40779
54985
42338
28881
30153
38088
37902
54643
26478
28120
30447
69846
36975
61783
18370
43459
26431
29415
32159
43101
45026
46832
30180
42121
46760
54886
63438
39967
37754
40804
41705
43499
70415
32257
15251
15786
33761
47251
52933
42979
45032
42101
30725
57597
63171
17441
57199
47214
40369
42079
36609
19471
55565
47210
37823
22086
21518
22262
49864
34034
22288
43643
52928
52215
47311
53996
37693
21660
43830
36663
51042
24334
27272
52144
40427
27193
53173
26800
38893
47038
39482
47340
37548
52922
48090
43492
62438
52468
45018
40941
19214
66570
53798
43734
51030
46666
43110
25140
54308
51473
45162
39445
36899
59804
52347
44341
41015
52163
44995
21002
26619
32183
42745
45990
23603
55723
61852
43043
62481
26628
39995
34865
55472
49595
49447
47723
71918
47551
49601
62124
24834
30237
61138
11771
61725
48699
27438
34864
31931
26759
42775
20620
46372
40487
41624
22142
41117
61958
37246
45154
59910
19366
46693
33240
49530
35827
19679
34140
17916
21410
47322
54591
52304
51065
26147
17012
53761
45353
34876
54430
44433
29386
12727
57887
22347
34629
47737
62138
59133
32101
33300
18666
61209
57091
35950
16853
43974
42206
63162
42609
22559
37241
38981
61127
48464
34269
36540
25367
21650
36926
49850
37740
32610
56508
47819
23673
38244
71689
25686
57076
36777
27083
51304
53067
42283
21973
37561
59127
48609
48974
44349
67534
38676
36937
65802
57557
52255
59205
69655
47247
40006
31820
42757
44272
38038
68715
34887
42679
62187
51392
24449
23155
28841
22171
55020
13094
54880
52242
39045
73094
47697
55605
44844
44897
50964
50730
25885
38016
62221
34410
58731
37007
32867
11389
30755
24559
44907
27396
46880
26589
63874
38137
55935
23876
44907
70033
54078
50347
35131
44922
31753
52836
38247
26934
50856
40728
28725
38305
69587
39960
48687
24313
53104
48411
55316
30893
40726
52423
51996
40899
36426
29498
55979
65827
39928
56227
49018
54281
35727
50142
33047
64666
47470
54178
57231
28934
58241
59348
45966
47115
27087
41566
37306
21378
32684
31135
35067
28465
35579
68233
36764
43186
38513
37319
80048
35583
16176
46031
30467
57846
57173
52035
43453
49743
50063
56037
51700
25008
20641
61388
23463
26684
13392
26463
46979
41188
55014
33241
43971
45688
47886
18676
37293
44415
60921
29063
55473
46844
49874
50898
69648
56533
37537
42462
25059
39276
18207
35528
32620
29676
42806
41345
60281
42015
59380
58771
45445
46645
48504
32346
34100
55199
53531
42797
22695
27614
37328
56457
34813
25041
47772
22170
26016
43575
52907
46568
36389
54682
35709
49193
53096
36443
52414
54151
30108
37410
57801
32595
54053
27865
49097
34702
65638
34497
29276
61189
46039
38324
48051
40430
49601
37417
36390
45738
55383
39114
34718
30226
37696
57275
50371
44148
64438
58106
43839
52078
10103
49988
57897
32760
32048
28815
51984
67459
15299
61695
60601
29220
38292
66972
58218
44509
51246
11608
77362
66168
50725
38200
51732
38615
47332
59313
44947
43775
28619
52151
26655
46902
36743
37033
29475
50473
57985
44030
47410
32615
64088
48550
65124
50302
42162
40169
61093
58443
39568
60995
51557
52980
35460
41834
43638
20825
68700
46301
65286
53126
41107
52554
52957
32560
28674
16189
47223
38860
51366
59866
42786
38408
51459
63451
35973
54442
41712
28603
38949
37682
42397
53814
58486
58231
30608
64311
33900
54171
40297
46543
42669
48234
52474
50530
35111
54474
43541
51165
61174
62203
59151
39684
31520
37599
52495
56379
56041
50664
68602
59469
31142
38975
44379
35664
44278
51012
56877
55833
39081
45707
34917
31790
33586
44429
51820
49590
50659
59074
36725
47604
30633
43225
14252
21678
70832
23265
40565
16555
30595
42655
62227
50364
51208
20904
49120
52606
66226
32727
46770
34219
47211
53652
29199
53063
29689
33042
37575
25357
36775
40866
53412
29604
54630
34794
60637
20777
46944
63388
37830
25966
36249
47947
18093
60398
43990
53644
15274
20650
25222
38641
20021
60336
24583
68756
41981
44929
61175
37949
17340
42921
59873
74922
33705
50358
55089
28964
54704
44697
28390
42754
23202
16212
33992
47132
24155
33425
62215
61215
25092
39428
33755
49486
35318
28059
44644
40986
49634
72268
46438
38593
64734
35649
59305
58352
20124
39044
54553
42173
47251
31157
37548
26172
42751
48863
47976
47735
43662
38611
40277
63800
40156
39111
24328
76135
57074
24142
44104
30524
54204
50463
34580
28286
18906
61484
28999
56008
19257
24882
53548
69120
48281
20148
30945
46258
53806
17132
41658
32119
41868
46124
14349
54082
70362
47897
43212
31456
25372
38720
41144
50561
60674
50135
51356
46165
27643
42550
73950
24926
45845
40366
64887
71709
58576
71616
58752
27230
36996
27632
36007
37724
33473
32300
39108
59717
50773
38185
46395
36109
60193
53666
62984
51011
47499
44301
56579
24746
45898
40311
48646
61083
36424
51573
49321
41909
27057
33339
45482
44903
33097
38704
37230
43797
48500
37890
26382
32312
32126
22129
53709
53910
55443
57677
20148
49752
38114
44397
63272
36775
56722
33341
31268
30653
55921
51917
42772
37594
26071
44562
25601
36875
55012
46061
54239
38542
41016
54092
60327
45997
44290
46717
49901
56753
54394
53821
82436
37568
46997
30450
53905
47144
27009
36602
37479
42798
55429
74548
42225
46449
50168
45073
35361
66873
19568
54438
39745
44322
27393
41067
57208
46865
21336
37144
61850
65490
35616
54342
29013
33949
38711
44023
47780
47738
59642
61255
46075
53723
25099
30327
37110
33651
45391
32242
50026
12128
31785
27725
21291
48156
56752
36098
40725
60427
45429
12222
23974
44268
27570
56889
38595
62434
51245
71031
38566
41140
49537
26946
24806
33106
12667
24045
44467
58134
46879
33761
56419
58265
57112
28075
36241
42662
46987
66678
49395
40913
51339
43551
54910
36231
32012
44021
58108
58008
73508
46155
45448
19341
24302
69833
51813
61785
65860
27720
55176
44958
46417
38850
44491
45575
34561